y = [1:1234500]'.^2;
y
